%YAML:1.0

################################################################################
# Created by: Unkown                                                           #
# Created on: 2024-12-04T01:27:45.108615                                       #
################################################################################

# General sensor definitions
camera_id: left_cam

# Sensor extrinsics wrt. the body-frame
T_BS:
  cols: 4
  rows: 4
  data:  [0.99998979,  0.00358606, -0.00275032, -0.00125374,
         -0.00359290,  0.99999046, -0.00248533, -0.01345573,
          0.00274138,  0.00249519,  0.99999313, -0.01540152,
          0.00000000,  0.00000000,  0.00000000,  1.00000000]
  # data:  [0.00274138,  0.00249519,  0.99999313, -0.01540152,
  #        -0.99998979, -0.00358606,  0.00275032,  0.00125374,
  #         0.0035929,  -0.99999046,  0.00248533,  0.01345573,
  #         0.00000000,  0.00000000,  0.00000000,  1.00000000]

# Camera specific definitions
rate_hz: 30
resolution: [640, 480]  # [width, height]
camera_model: pinhole
intrinsics: [394.14181455890457, 394.36813934802177, 323.2735228997437, 240.85322191298604]  # [fu, fv, cu, cv]
distortion_model: equidistant
distortion_coefficients: [0.31374024,  0.37460512, -0.83137832,  1.11225873]  # model dependent
