%YAML:1.0

################################################################################
# Created by: Unkown                                                           #
# Created on: 2024-12-04T01:27:45.108615                                       #
################################################################################

# General sensor definitions
camera_id: right_cam

# Sensor extrinsics wrt. the body-frame
T_BS:
  cols: 4
  rows: 4
  data:  [0.99999035,  0.00360348, -0.00251448,  0.05064552,
         -0.00360789,  0.99999196, -0.00175025, -0.01253084,
          0.00250816,  0.00175931,  0.99999531, -0.01886081,
          0.00000000,  0.00000000,  0.00000000,  1.00000000]
  # data:  [0.00250816,  0.00175931,  0.99999531, -0.01886081,
  #        -0.99999035, -0.00360348,  0.00251448, -0.05064552,
  #         0.00360789, -0.99999196,  0.00175025,  0.01253084,
  #         0.00000000,  0.00000000,  0.00000000,  1.00000000]

# Camera specific definitions
rate_hz: 30
resolution: [640, 480]  # [width, height]
camera_model: pinhole
intrinsics: [395.03693271342263, 395.21769868288106, 324.10464206030997, 241.2330578668103]  # [fu, fv, cu, cv]
distortion_model: equidistant
distortion_coefficients: [0.31168473,  0.37297914, -0.75465595,  0.98559529]  # model dependent
